{
 "cells": [
  {
   "cell_type": "code",
   "execution_count": 5,
   "id": "13ae6484",
   "metadata": {},
   "outputs": [],
   "source": [
    "import torch\n",
    "import clip\n",
    "from PIL import Image\n",
    "import os\n",
    "import numpy as np"
   ]
  },
  {
   "cell_type": "code",
   "execution_count": 6,
   "id": "1139c1fd",
   "metadata": {},
   "outputs": [],
   "source": [
    "device = \"cuda\" if torch.cuda.is_available() else \"cpu\"\n",
    "model, preprocess = clip.load(\"ViT-B/32\", device=device)"
   ]
  },
  {
   "cell_type": "code",
   "execution_count": null,
   "id": "39f845e8",
   "metadata": {},
   "outputs": [],
   "source": [
    "embeddings = []\n",
    "filenames = []\n",
    "img_path = \"data\"\n",
    "for img_file in os.listdir(img_path):\n",
    "    if img_file.lower().endswith((\".jpg\", \".jpeg\", \".png\")):\n",
    "        img = preprocess(Image.open(os.path.join(img_path, img_file))).unsqueeze(0).to(device)\n",
    "        with torch.no_grad():\n",
    "            embedding = model.encode_image(img)\n",
    "            embedding = embedding / embedding.norm(dim=-1, keepdim=True)\n",
    "            embeddings.append(embedding.cpu().numpy().flatten())\n",
    "            filenames.append(img_file)"
   ]
  },
  {
   "cell_type": "code",
   "execution_count": 8,
   "id": "6dd52a38",
   "metadata": {},
   "outputs": [
    {
     "name": "stdout",
     "output_type": "stream",
     "text": [
      "Correlation Matrix:\n",
      "[[0.9999999  0.88214666 0.73616123 0.73968023 0.6835071  0.71770716\n",
      "  0.78977036 0.777936   0.7922236 ]\n",
      " [0.88214666 0.9999999  0.7211038  0.722103   0.6934829  0.7454036\n",
      "  0.81593037 0.78559554 0.79571706]\n",
      " [0.73616123 0.7211038  0.99999976 0.709729   0.68558013 0.71068364\n",
      "  0.75588906 0.69562024 0.76012266]\n",
      " [0.73968023 0.722103   0.709729   1.0000002  0.7199095  0.7616646\n",
      "  0.78797066 0.7141116  0.7549044 ]\n",
      " [0.6835071  0.6934829  0.68558013 0.7199095  1.0000002  0.78927624\n",
      "  0.72272754 0.61904836 0.721447  ]\n",
      " [0.71770716 0.7454036  0.71068364 0.7616646  0.78927624 0.99999976\n",
      "  0.8076376  0.6860337  0.7556789 ]\n",
      " [0.78977036 0.81593037 0.75588906 0.78797066 0.72272754 0.8076376\n",
      "  0.9999999  0.7720922  0.84367037]\n",
      " [0.777936   0.78559554 0.69562024 0.7141116  0.61904836 0.6860337\n",
      "  0.7720922  0.99999976 0.7686957 ]\n",
      " [0.7922236  0.79571706 0.76012266 0.7549044  0.721447   0.7556789\n",
      "  0.84367037 0.7686957  0.9999999 ]]\n",
      "Best matches (excluding self-matches):\n",
      "0.jpg <-> 1.jpg: 0.8821\n",
      "1.jpg <-> 0.jpg: 0.8821\n",
      "2.jpg <-> 8.jpg: 0.7601\n",
      "3.jpg <-> 6.jpg: 0.7880\n",
      "4.jpg <-> 5.jpg: 0.7893\n",
      "5.jpg <-> 6.jpg: 0.8076\n",
      "6.jpg <-> 8.jpg: 0.8437\n",
      "7.jpg <-> 1.jpg: 0.7856\n",
      "8.jpg <-> 6.jpg: 0.8437\n"
     ]
    }
   ],
   "source": [
    "embeddings = np.stack(embeddings)\n",
    "correlation_matrix = embeddings @ embeddings.T\n",
    "\n",
    "print(\"Correlation Matrix:\")\n",
    "print(correlation_matrix)\n",
    "print(\"Best matches (excluding self-matches):\")\n",
    "for i in range(len(filenames)):\n",
    "    best_match = np.argsort(correlation_matrix[i])[-2]\n",
    "    print(f\"{filenames[i]} <-> {filenames[best_match]}: {correlation_matrix[i, best_match]:.4f}\")"
   ]
  }
 ],
 "metadata": {
  "kernelspec": {
   "display_name": "the-way-recognition-service (3.12.11)",
   "language": "python",
   "name": "python3"
  },
  "language_info": {
   "codemirror_mode": {
    "name": "ipython",
    "version": 3
   },
   "file_extension": ".py",
   "mimetype": "text/x-python",
   "name": "python",
   "nbconvert_exporter": "python",
   "pygments_lexer": "ipython3",
   "version": "3.12.11"
  }
 },
 "nbformat": 4,
 "nbformat_minor": 5
}
